left_shoulder,0.7829567193984985,0.8832876682281494,-0.2807644009590149,0.9783022403717041
right_shoulder,0.31997764110565186,0.9444306492805481,-0.41380196809768677,0.99587482213974
left_elbow,0.8420166969299316,1.0657377243041992,-0.6155708432197571,0.12091175466775894
right_elbow,0.2309015989303589,1.3892372846603394,-0.41388192772865295,0.31693124771118164
left_wrist,0.7889541983604431,1.0640047788619995,-1.2346798181533813,0.3989045321941376
right_wrist,0.7889541983604431,1.0640047788619995,-1.2346798181533813,0.3989045321941376left_shoulder,0.7836022973060608,0.8833140134811401,-0.3164820969104767,0.9765339493751526
right_shoulder,0.31522053480148315,0.946002721786499,-0.3801904320716858,0.9957298636436462
left_elbow,0.8439124822616577,1.066437005996704,-0.6241627931594849,0.11593674123287201
right_elbow,0.23030094802379608,1.389235019683838,-0.209965780377388,0.3195137679576874
left_wrist,0.7809883952140808,1.0669912099838257,-1.1870687007904053,0.38308972120285034
right_wrist,0.7809883952140808,1.0669912099838257,-1.1870687007904053,0.38308972120285034left_shoulder,0.7879069447517395,0.8833170533180237,-0.4329609274864197,0.9763517379760742
right_shoulder,0.31385987997055054,0.9469025731086731,-0.5337896347045898,0.9957271218299866
left_elbow,0.8497892618179321,1.125527262687683,-0.42146286368370056,0.10714418441057205
right_elbow,0.22782380878925323,1.3916614055633545,-0.2854122221469879,0.32614240050315857
left_wrist,0.8168587684631348,1.361467719078064,-0.8222219347953796,0.34769803285598755
right_wrist,0.8168587684631348,1.361467719078064,-0.8222219347953796,0.34769803285598755left_shoulder,0.7933367490768433,0.8833175301551819,-0.49616724252700806,0.9772765040397644
right_shoulder,0.31310421228408813,0.9485099911689758,-0.6295980215072632,0.9957715272903442
left_elbow,0.8895783424377441,1.2372881174087524,-0.2784647047519684,0.10142464190721512
right_elbow,0.22272749245166779,1.3930294513702393,-0.33353790640830994,0.33425089716911316
left_wrist,0.8536719083786011,1.5261863470077515,-0.5217581391334534,0.31534552574157715
right_wrist,0.8536719083786011,1.5261863470077515,-0.5217581391334534,0.31534552574157715left_shoulder,0.7961251735687256,0.8821495771408081,-0.5367847681045532,0.9780820608139038
right_shoulder,0.31315165758132935,0.9485440850257874,-0.7299625277519226,0.995718777179718
left_elbow,0.8879972696304321,1.1537173986434937,-0.23764057457447052,0.09728196263313293
right_elbow,0.22054851055145264,1.392134428024292,-0.45865577459335327,0.344550758600235
left_wrist,0.8676104545593262,1.5375937223434448,-0.42411988973617554,0.2862599790096283
right_wrist,0.8676104545593262,1.5375937223434448,-0.42411988973617554,0.2862599790096283left_shoulder,0.7985354661941528,0.8843696713447571,-0.26063072681427,0.9793268442153931
right_shoulder,0.34625306725502014,0.9082412719726562,-0.343703031539917,0.9959779381752014
left_elbow,0.8713027238845825,1.255852222442627,-0.04366818070411682,0.09139353036880493
right_elbow,0.22090089321136475,1.281401515007019,-0.3079485297203064,0.3448666036128998
left_wrist,0.8611434698104858,1.5546091794967651,-0.22671464085578918,0.25836649537086487
right_wrist,0.8611434698104858,1.5546091794967651,-0.22671464085578918,0.25836649537086487left_shoulder,0.8042182922363281,0.8874161243438721,-0.18840673565864563,0.9807235598564148
right_shoulder,0.3741999566555023,0.8957424759864807,-0.39194971323013306,0.9961599111557007
left_elbow,0.868011474609375,1.2524164915084839,0.22707121074199677,0.08697547763586044
right_elbow,0.22465482354164124,1.2360001802444458,-0.32575365900993347,0.35015007853507996
left_wrist,0.8538064956665039,1.553658127784729,0.27652376890182495,0.23390987515449524
right_wrist,0.8538064956665039,1.553658127784729,0.27652376890182495,0.23390987515449524left_shoulder,0.8079236745834351,0.8917143940925598,-0.24642130732536316,0.9821763634681702
right_shoulder,0.37512192130088806,0.8950775861740112,-0.3976309895515442,0.9963261485099792
left_elbow,0.8672800064086914,1.2649006843566895,-0.010184021666646004,0.08403309434652328
right_elbow,0.2282348871231079,1.2587668895721436,-0.3320610523223877,0.3486062288284302
left_wrist,0.8479856252670288,1.5663000345230103,-0.1455087512731552,0.212012380361557
right_wrist,0.8479856252670288,1.5663000345230103,-0.1455087512731552,0.212012380361557left_shoulder,0.8096394538879395,0.8916601538658142,-0.28506678342819214,0.9835492372512817
right_shoulder,0.3777722120285034,0.8945708870887756,-0.41097187995910645,0.9964402914047241
left_elbow,0.8668981790542603,1.2576931715011597,-0.10297481715679169,0.08196300268173218
right_elbow,0.24286000430583954,1.2730809450149536,-0.3258005976676941,0.347404807806015
left_wrist,0.8577399253845215,1.5657073259353638,-0.3112982213497162,0.19217529892921448
right_wrist,0.8577399253845215,1.5657073259353638,-0.3112982213497162,0.19217529892921448left_shoulder,0.8098716735839844,0.8885781168937683,-0.34289276599884033,0.9843453168869019
right_shoulder,0.3837141990661621,0.8883936405181885,-0.41953402757644653,0.9964262843132019
left_elbow,0.8435723185539246,1.1319533586502075,-0.150232195854187,0.07820546627044678
right_elbow,0.24713864922523499,1.2728755474090576,-0.3324550688266754,0.3499276041984558
left_wrist,0.8560250401496887,1.517314076423645,-0.3706413805484772,0.17434433102607727
right_wrist,0.8560250401496887,1.517314076423645,-0.3706413805484772,0.17434433102607727left_shoulder,0.8119551539421082,0.8843896985054016,-0.36384785175323486,0.9821902513504028
right_shoulder,0.3849891722202301,0.8872707486152649,-0.3591241240501404,0.9961316585540771
left_elbow,0.8412996530532837,1.0420268774032593,-0.7415378093719482,0.08685266971588135
right_elbow,0.2519979178905487,1.2673755884170532,-0.31424227356910706,0.3511510193347931
left_wrist,0.773677408695221,1.104534387588501,-1.4492151737213135,0.1757911890745163
right_wrist,0.773677408695221,1.104534387588501,-1.4492151737213135,0.1757911890745163left_shoulder,0.8134652972221375,0.873333752155304,-0.3909947872161865,0.9816992878913879
right_shoulder,0.3821980357170105,0.8897072076797485,-0.3561543822288513,0.9959273934364319
left_elbow,0.8419343829154968,0.9970060586929321,-0.8906599879264832,0.11159685254096985
right_elbow,0.2541990876197815,1.2606173753738403,-0.3217364251613617,0.3532906770706177
left_wrist,0.7399401664733887,0.988415002822876,-1.6521259546279907,0.2000756710767746
right_wrist,0.7399401664733887,0.988415002822876,-1.6521259546279907,0.2000756710767746left_shoulder,0.8238857388496399,0.8670742511749268,-0.4220622181892395,0.9783431887626648
right_shoulder,0.3804489076137543,0.890795111656189,-0.47316402196884155,0.9958641529083252
left_elbow,0.8514904975891113,1.0141005516052246,-0.47043442726135254,0.1033526360988617
right_elbow,0.2530539035797119,1.2619798183441162,-0.379413366317749,0.35826635360717773
left_wrist,0.842583954334259,1.2560609579086304,-0.7887402772903442,0.18101005256175995
right_wrist,0.842583954334259,1.2560609579086304,-0.7887402772903442,0.18101005256175995left_shoulder,0.8504447937011719,0.8636170625686646,-0.5621001720428467,0.9781288504600525
right_shoulder,0.37889429926872253,0.8921305537223816,-0.6663838624954224,0.9958662986755371
left_elbow,0.903892993927002,1.1792412996292114,-0.3807961344718933,0.09736950695514679
right_elbow,0.2515127658843994,1.3001837730407715,-0.5206295847892761,0.36425286531448364
left_wrist,0.8773511052131653,1.4693220853805542,-0.5639761090278625,0.16416774690151215
right_wrist,0.8773511052131653,1.4693220853805542,-0.5639761090278625,0.16416774690151215left_shoulder,0.8601573705673218,0.8713735938072205,-0.5877233743667603,0.9798052906990051
right_shoulder,0.36127451062202454,0.9039843678474426,-0.7800841927528381,0.9960842132568359
left_elbow,0.9158765077590942,1.2481640577316284,-0.15970952808856964,0.09287659823894501
right_elbow,0.23800818622112274,1.3527867794036865,-0.5484956502914429,0.35844147205352783
left_wrist,0.8712476491928101,1.5602037906646729,-0.03127981349825859,0.149558886885643
right_wrist,0.8712476491928101,1.5602037906646729,-0.03127981349825859,0.149558886885643left_shoulder,0.8731802105903625,0.8838945627212524,-0.7852981686592102,0.9811636805534363
right_shoulder,0.3508305549621582,0.9040062427520752,-1.0311825275421143,0.9961249828338623
left_elbow,0.9405357241630554,1.3063099384307861,-0.393795907497406,0.09201814234256744
right_elbow,0.20321619510650635,1.3593381643295288,-0.7688614130020142,0.3544815182685852
left_wrist,0.896495521068573,1.6297754049301147,-0.40386152267456055,0.1369152069091797
right_wrist,0.896495521068573,1.6297754049301147,-0.40386152267456055,0.1369152069091797left_shoulder,0.8829310536384583,0.8448492288589478,-0.8030527234077454,0.9805338382720947
right_shoulder,0.34922513365745544,0.8103550672531128,-1.2337377071380615,0.9961334466934204
left_elbow,0.9968737363815308,1.2693136930465698,-0.6769852042198181,0.09752172976732254
right_elbow,0.16360220313072205,1.3463307619094849,-1.1639349460601807,0.3548274040222168
left_wrist,0.9785750508308411,1.5496844053268433,-1.0923402309417725,0.12405841797590256
right_wrist,0.9785750508308411,1.5496844053268433,-1.0923402309417725,0.12405841797590256left_shoulder,0.8935744166374207,0.7499435544013977,-0.6805498003959656,0.9815595149993896
right_shoulder,0.3423774838447571,0.703932523727417,-1.115435242652893,0.9961919784545898
left_elbow,1.0134958028793335,1.2328180074691772,-0.5404113531112671,0.11301056295633316
right_elbow,0.15630945563316345,1.2558176517486572,-0.9888275265693665,0.354955792427063
left_wrist,1.0018020868301392,1.5510402917861938,-0.9311012029647827,0.11308421939611435
right_wrist,1.0018020868301392,1.5510402917861938,-0.9311012029647827,0.11308421939611435left_shoulder,0.8864954710006714,0.5527900457382202,-0.6307973265647888,0.9827700257301331
right_shoulder,0.3316848874092102,0.5578428506851196,-1.0428893566131592,0.9962654709815979
left_elbow,1.0009989738464355,0.9608136415481567,-0.5179373025894165,0.13013708591461182
right_elbow,0.16494807600975037,1.0780929327011108,-0.9540889859199524,0.36635705828666687
left_wrist,1.0395983457565308,1.4601128101348877,-0.979638397693634,0.1030731052160263
right_wrist,1.0395983457565308,1.4601128101348877,-0.979638397693634,0.1030731052160263left_shoulder,0.8861749768257141,0.452134907245636,-0.6250629425048828,0.9843096733093262
right_shoulder,0.32929110527038574,0.435962051153183,-0.9227020144462585,0.9964485764503479
left_elbow,1.0027562379837036,0.8903226256370544,-0.5023038387298584,0.15686100721359253
right_elbow,0.18040287494659424,0.969169557094574,-0.8126222491264343,0.37596216797828674
left_wrist,1.021988034248352,1.3933634757995605,-0.9695671200752258,0.09665694087743759
right_wrist,1.021988034248352,1.3933634757995605,-0.9695671200752258,0.09665694087743759left_shoulder,0.8820251226425171,0.3356035053730011,-0.6079625487327576,0.9856556057929993
right_shoulder,0.33074405789375305,0.3081612288951874,-0.8379241824150085,0.9964030981063843
left_elbow,0.9885584115982056,0.8463954329490662,-0.5001965761184692,0.18410928547382355
right_elbow,0.19904370605945587,0.8652741312980652,-0.6705329418182373,0.37884053587913513
left_wrist,1.0284583568572998,1.28817617893219,-1.027009129524231,0.09142166376113892
right_wrist,1.0284583568572998,1.28817617893219,-1.027009129524231,0.09142166376113892left_shoulder,0.8796988725662231,0.31353890895843506,-0.7343398332595825,0.9867681264877319
right_shoulder,0.3321002423763275,0.2886377274990082,-0.8331804275512695,0.9961747527122498
left_elbow,0.990036129951477,0.8595119118690491,-0.6546040773391724,0.2060306817293167
right_elbow,0.2040468454360962,0.880484402179718,-0.7386206388473511,0.3767282962799072
left_wrist,1.098050832748413,1.265682339668274,-1.1457149982452393,0.09084876626729965
right_wrist,1.098050832748413,1.265682339668274,-1.1457149982452393,0.09084876626729965left_shoulder,0.8722968101501465,0.29219067096710205,-0.5655160546302795,0.987606942653656
right_shoulder,0.3325028717517853,0.28825095295906067,-0.9073411822319031,0.9961554408073425
left_elbow,0.9830737113952637,0.8333607912063599,-0.39702779054641724,0.2214202880859375
right_elbow,0.20767202973365784,0.8820787072181702,-0.8391850590705872,0.3870530426502228
left_wrist,1.0544404983520508,1.2432441711425781,-0.8948215246200562,0.08781391382217407
right_wrist,1.0544404983520508,1.2432441711425781,-0.8948215246200562,0.08781391382217407left_shoulder,0.8706830739974976,0.30735746026039124,-0.6627510786056519,0.9885450601577759
right_shoulder,0.3335891664028168,0.2849053144454956,-0.8834856748580933,0.995951771736145
left_elbow,0.9801088571548462,0.8593827486038208,-0.5492984652519226,0.25904223322868347
right_elbow,0.20219114422798157,0.8920142650604248,-0.7972320318222046,0.39758047461509705
left_wrist,1.0661898851394653,1.2765551805496216,-1.0802959203720093,0.0890183299779892
right_wrist,1.0661898851394653,1.2765551805496216,-1.0802959203720093,0.0890183299779892left_shoulder,0.868086040019989,0.2988930940628052,-0.7322818040847778,0.9890564680099487
right_shoulder,0.33236509561538696,0.27468088269233704,-0.8956133723258972,0.9957823157310486
left_elbow,0.9775350689888,0.8586161732673645,-0.6269850134849548,0.2913871705532074
right_elbow,0.1913733333349228,0.8852444291114807,-0.7845080494880676,0.42453858256340027
left_wrist,1.063145399093628,1.285162329673767,-1.2773956060409546,0.09175284951925278
right_wrist,1.063145399093628,1.285162329673767,-1.2773956060409546,0.09175284951925278left_shoulder,0.8580144047737122,0.2846798896789551,-0.6967806220054626,0.9896480441093445
right_shoulder,0.3279891610145569,0.27863171696662903,-0.9258834719657898,0.9958997964859009
left_elbow,0.9702268838882446,0.8626599907875061,-0.5884770154953003,0.3260304033756256
right_elbow,0.1888122856616974,0.9056621193885803,-0.7951198816299438,0.456787109375
left_wrist,1.0484896898269653,1.276731014251709,-1.2524864673614502,0.09299509972333908
right_wrist,1.0484896898269653,1.276731014251709,-1.2524864673614502,0.09299509972333908left_shoulder,0.8500797152519226,0.2831999361515045,-0.6846815943717957,0.9902101159095764
right_shoulder,0.3239940404891968,0.2736530303955078,-0.9130762219429016,0.9959450960159302
left_elbow,0.9632032513618469,0.8574952483177185,-0.5717296004295349,0.35704129934310913
right_elbow,0.18900756537914276,0.9028226137161255,-0.7870199084281921,0.48805177211761475
left_wrist,1.0485246181488037,1.2786997556686401,-1.3245656490325928,0.0956592932343483
right_wrist,1.0485246181488037,1.2786997556686401,-1.3245656490325928,0.0956592932343483left_shoulder,0.8449902534484863,0.27894991636276245,-0.6492037773132324,0.9902780055999756
right_shoulder,0.3212653398513794,0.2758113741874695,-0.8767434358596802,0.9958023428916931
left_elbow,0.9595324397087097,0.8626542687416077,-0.5559984445571899,0.3902110755443573
right_elbow,0.19113533198833466,0.9038317799568176,-0.7663671374320984,0.5233206152915955
left_wrist,1.0445233583450317,1.2813630104064941,-1.302119255065918,0.10189452022314072
right_wrist,1.0445233583450317,1.2813630104064941,-1.302119255065918,0.10189452022314072left_shoulder,0.8394896388053894,0.27826496958732605,-0.6874020099639893,0.9901968240737915
right_shoulder,0.31795692443847656,0.2820187509059906,-0.8112360835075378,0.9957263469696045
left_elbow,0.9562843441963196,0.8687219023704529,-0.6050424575805664,0.4280329942703247
right_elbow,0.19184710085391998,0.9103168249130249,-0.6719126105308533,0.5543534159660339
left_wrist,1.0291836261749268,1.2859975099563599,-1.3483169078826904,0.1129605695605278
right_wrist,1.0291836261749268,1.2859975099563599,-1.3483169078826904,0.1129605695605278left_shoulder,0.8254904747009277,0.266975075006485,-0.5531457662582397,0.9901108741760254
right_shoulder,0.3163222074508667,0.2752569317817688,-0.7576016187667847,0.9952095150947571
left_elbow,0.9496739506721497,0.8454814553260803,-0.4878949522972107,0.46591395139694214
right_elbow,0.19245363771915436,0.9030359983444214,-0.6486025452613831,0.5818207859992981
left_wrist,1.0271899700164795,1.2716755867004395,-1.2684487104415894,0.1343153417110443
right_wrist,1.0271899700164795,1.2716755867004395,-1.2684487104415894,0.1343153417110443left_shoulder,0.8152859807014465,0.2559134066104889,-0.5458888411521912,0.9895903468132019
right_shoulder,0.31575310230255127,0.27302995324134827,-0.9406360387802124,0.9948203563690186
left_elbow,0.9321904182434082,0.8344088196754456,-0.479074090719223,0.48588132858276367
right_elbow,0.1956796646118164,0.9022131562232971,-0.8605442047119141,0.6035728454589844
left_wrist,0.9759632349014282,1.2191053628921509,-1.3290756940841675,0.1381477415561676
right_wrist,0.9759632349014282,1.2191053628921509,-1.3290756940841675,0.1381477415561676left_shoulder,0.8060882687568665,0.25085514783859253,-0.44873374700546265,0.9890612363815308
right_shoulder,0.3129901587963104,0.27016952633857727,-0.9246921539306641,0.9945698380470276
left_elbow,0.9288833737373352,0.8342220783233643,-0.4199582040309906,0.5062506794929504
right_elbow,0.19914856553077698,0.8986721038818359,-0.8196050524711609,0.6269947290420532
left_wrist,0.9675250053405762,1.2128825187683105,-1.308975100517273,0.14603941142559052
right_wrist,0.9675250053405762,1.2128825187683105,-1.308975100517273,0.14603941142559052left_shoulder,0.8024352192878723,0.26362019777297974,-0.4978417754173279,0.9889040589332581
right_shoulder,0.30792921781539917,0.27334052324295044,-0.9186142683029175,0.9944651126861572
left_elbow,0.9214836955070496,0.8402291536331177,-0.4194880425930023,0.5264452695846558
right_elbow,0.2018750160932541,0.8967946767807007,-0.8240275382995605,0.6448323130607605
left_wrist,0.9573968052864075,1.2199300527572632,-1.256658673286438,0.15125927329063416
right_wrist,0.9573968052864075,1.2199300527572632,-1.256658673286438,0.15125927329063416left_shoulder,0.7883236408233643,0.26542022824287415,-0.4583849310874939,0.988757312297821
right_shoulder,0.3014817535877228,0.2746767997741699,-0.9466251134872437,0.9943204522132874
left_elbow,0.9114353060722351,0.8325814604759216,-0.2823353707790375,0.533772349357605
right_elbow,0.2063715010881424,0.8911503553390503,-0.8534973859786987,0.6566525101661682
left_wrist,0.9577072858810425,1.2283005714416504,-0.9942971467971802,0.15106461942195892
right_wrist,0.9577072858810425,1.2283005714416504,-0.9942971467971802,0.15106461942195892left_shoulder,0.7854118943214417,0.24397236108779907,-0.3221636116504669,0.9886034727096558
right_shoulder,0.28494691848754883,0.2754307687282562,-0.9298437833786011,0.9941097497940063
left_elbow,0.9124541282653809,0.8009249567985535,-0.16721346974372864,0.5432218909263611
right_elbow,0.20517222583293915,0.8952375650405884,-0.8404858708381653,0.6701493859291077
left_wrist,0.9699899554252625,1.2196341753005981,-0.9385355114936829,0.15733522176742554
right_wrist,0.9699899554252625,1.2196341753005981,-0.9385355114936829,0.15733522176742554left_shoulder,0.782085657119751,0.21101130545139313,-0.36380988359451294,0.9890381693840027
right_shoulder,0.2624438405036926,0.279720664024353,-0.9491863250732422,0.9941844940185547
left_elbow,0.9136326909065247,0.7507765293121338,-0.17522253096103668,0.5454757809638977
right_elbow,0.2019069492816925,0.89898282289505,-0.8937445878982544,0.6823601126670837
left_wrist,1.0464098453521729,1.109403371810913,-0.9139329791069031,0.15962004661560059
right_wrist,1.0464098453521729,1.109403371810913,-0.9139329791069031,0.15962004661560059left_shoulder,0.7769838571548462,0.19380703568458557,-0.37936675548553467,0.9899657368659973
right_shoulder,0.26391473412513733,0.26385030150413513,-0.9818927049636841,0.994666337966919
left_elbow,0.9349073171615601,0.7237780094146729,-0.13587656617164612,0.5695422291755676
right_elbow,0.20570750534534454,0.8898381590843201,-0.8955680131912231,0.6937284469604492
left_wrist,1.1716307401657104,1.1205754280090332,-0.7224215269088745,0.1689516007900238
right_wrist,1.1716307401657104,1.1205754280090332,-0.7224215269088745,0.1689516007900238left_shoulder,0.7756931781768799,0.1904134452342987,-0.381936252117157,0.990763783454895
right_shoulder,0.2541376054286957,0.2622970938682556,-1.0875428915023804,0.9951013326644897
left_elbow,0.948235809803009,0.7105118036270142,-0.0977046936750412,0.5897101163864136
right_elbow,0.19383302330970764,0.8925434350967407,-0.9692001342773438,0.7067396640777588
left_wrist,1.2067705392837524,1.1305469274520874,-0.6091457605361938,0.17207902669906616
right_wrist,1.2067705392837524,1.1305469274520874,-0.6091457605361938,0.17207902669906616left_shoulder,0.7703824043273926,0.17028111219406128,-0.22259163856506348,0.9910901784896851
right_shoulder,0.2468651980161667,0.2626217007637024,-1.1051523685455322,0.9954992532730103
left_elbow,0.9619249105453491,0.6783618927001953,0.2966124415397644,0.6032175421714783
right_elbow,0.19144658744335175,0.8953140377998352,-1.1062556505203247,0.7268412113189697
left_wrist,1.2568340301513672,0.9881441593170166,-0.03651220351457596,0.19844287633895874
right_wrist,1.2568340301513672,0.9881441593170166,-0.03651220351457596,0.19844287633895874left_shoulder,0.765159010887146,0.16937224566936493,-0.2684512436389923,0.9917355179786682
right_shoulder,0.24454307556152344,0.25012680888175964,-1.0626628398895264,0.9958614706993103
left_elbow,0.9676084518432617,0.7032926082611084,0.17412284016609192,0.6146513819694519
right_elbow,0.19025026261806488,0.8958994746208191,-1.0677953958511353,0.7321099638938904
left_wrist,1.2213237285614014,1.0490162372589111,-0.19301795959472656,0.19221290946006775
right_wrist,1.2213237285614014,1.0490162372589111,-0.19301795959472656,0.19221290946006775left_shoulder,0.7636542320251465,0.17118717730045319,-0.3169499933719635,0.9922683238983154
right_shoulder,0.24289610981941223,0.25063031911849976,-1.0360515117645264,0.9961617588996887
left_elbow,0.9746324419975281,0.715759813785553,0.03676792234182358,0.6256200671195984
right_elbow,0.18687310814857483,0.8973677754402161,-0.9942283630371094,0.7288757562637329
left_wrist,1.266690731048584,1.0796229839324951,-0.3228185176849365,0.19120407104492188
right_wrist,1.266690731048584,1.0796229839324951,-0.3228185176849365,0.19120407104492188left_shoulder,0.7653699517250061,0.16525296866893768,-0.3252398371696472,0.9927508234977722
right_shoulder,0.23919305205345154,0.24687282741069794,-1.0034708976745605,0.9964398741722107
left_elbow,0.9795745015144348,0.7231330275535583,0.0377093106508255,0.6412559151649475
right_elbow,0.18674172461032867,0.8984101414680481,-0.8890380859375,0.7372555136680603
left_wrist,1.2563365697860718,1.0328696966171265,-0.46867626905441284,0.19767573475837708
right_wrist,1.2563365697860718,1.0328696966171265,-0.46867626905441284,0.19767573475837708left_shoulder,0.7642677426338196,0.16212494671344757,-0.19210271537303925,0.9932087063789368
right_shoulder,0.23978114128112793,0.2414778620004654,-0.872461199760437,0.9967134594917297
left_elbow,0.9818547368049622,0.7272473573684692,0.1688549816608429,0.6493886709213257
right_elbow,0.18692371249198914,0.8992050886154175,-0.7551758885383606,0.7420976758003235
left_wrist,1.2524031400680542,1.028196930885315,-0.2672268748283386,0.1978660374879837
right_wrist,1.2524031400680542,1.028196930885315,-0.2672268748283386,0.1978660374879837left_shoulder,0.7648082375526428,0.1586499959230423,-0.24523130059242249,0.9936661720275879
right_shoulder,0.2401723563671112,0.23889732360839844,-0.8418852686882019,0.9969397783279419
left_elbow,0.9800424575805664,0.7162887454032898,0.08676598966121674,0.6539554595947266
right_elbow,0.18715380132198334,0.8923207521438599,-0.6895540356636047,0.7404318451881409
left_wrist,1.2350223064422607,1.038590908050537,-0.40243083238601685,0.19489414989948273
right_wrist,1.2350223064422607,1.038590908050537,-0.40243083238601685,0.19489414989948273left_shoulder,0.7651394009590149,0.1621171087026596,-0.40041476488113403,0.9940137267112732
right_shoulder,0.241389200091362,0.23927311599254608,-0.9214699864387512,0.9970917105674744
left_elbow,0.9770172834396362,0.719298243522644,-0.09220065921545029,0.6524975895881653
right_elbow,0.18960127234458923,0.8927963972091675,-0.7377069592475891,0.7400350570678711
left_wrist,1.2263706922531128,1.0540567636489868,-0.6778729557991028,0.19160982966423035
right_wrist,1.2263706922531128,1.0540567636489868,-0.6778729557991028,0.19160982966423035left_shoulder,0.7656850218772888,0.1629219651222229,-0.49572378396987915,0.9943625330924988
right_shoulder,0.24212858080863953,0.23339682817459106,-1.0048513412475586,0.9972522854804993
left_elbow,0.9759861826896667,0.7254722714424133,-0.16495934128761292,0.6562131643295288
right_elbow,0.19000908732414246,0.8907403945922852,-0.8024147152900696,0.7363361716270447
left_wrist,1.224851369857788,1.0853512287139893,-0.6922668218612671,0.1893974095582962
right_wrist,1.224851369857788,1.0853512287139893,-0.6922668218612671,0.1893974095582962left_shoulder,0.7657023668289185,0.1639423370361328,-0.5318666696548462,0.994636058807373
right_shoulder,0.24225136637687683,0.23407196998596191,-0.9949511289596558,0.9972490668296814
left_elbow,0.9753942489624023,0.7267948389053345,-0.2996598184108734,0.6678322553634644
right_elbow,0.19265851378440857,0.8913988471031189,-0.80799400806427,0.7369282841682434
left_wrist,1.2205379009246826,1.0991294384002686,-0.9740163087844849,0.1929119974374771
right_wrist,1.2205379009246826,1.0991294384002686,-0.9740163087844849,0.1929119974374771left_shoulder,0.7680439352989197,0.16882246732711792,-0.5249074697494507,0.994877815246582
right_shoulder,0.24260196089744568,0.23680713772773743,-1.0247942209243774,0.9973257780075073
left_elbow,0.9743611216545105,0.7540478110313416,-0.3301847577095032,0.6640936136245728
right_elbow,0.19214555621147156,0.9069861173629761,-0.8845098614692688,0.7339231371879578
left_wrist,1.2153937816619873,1.1253868341445923,-1.0737839937210083,0.18793843686580658
right_wrist,1.2153937816619873,1.1253868341445923,-1.0737839937210083,0.18793843686580658left_shoulder,0.7693976163864136,0.1917911171913147,-0.5146907567977905,0.994916558265686
right_shoulder,0.24299654364585876,0.24556763470172882,-1.0171233415603638,0.9973436594009399
left_elbow,0.9565936923027039,0.7560775279998779,-0.280872642993927,0.6580998301506042
right_elbow,0.19096288084983826,0.9064905047416687,-0.8736616373062134,0.7332488894462585
left_wrist,1.1339322328567505,1.1766911745071411,-0.9319480657577515,0.18440204858779907
right_wrist,1.1339322328567505,1.1766911745071411,-0.9319480657577515,0.18440204858779907left_shoulder,0.7744914889335632,0.2414192259311676,-0.5058255195617676,0.9950069785118103
right_shoulder,0.24341437220573425,0.2521146833896637,-1.0320277214050293,0.997372031211853
left_elbow,0.9384431838989258,0.7982141971588135,-0.22254888713359833,0.6428971886634827
right_elbow,0.1893465518951416,0.9064962267875671,-0.8914983868598938,0.7200430631637573
left_wrist,1.107437252998352,1.2588138580322266,-0.8335708379745483,0.1731870472431183
right_wrist,1.107437252998352,1.2588138580322266,-0.8335708379745483,0.1731870472431183left_shoulder,0.7745312452316284,0.2578519880771637,-0.5609291791915894,0.995034396648407
right_shoulder,0.24359352886676788,0.25708141922950745,-1.068655252456665,0.9974250197410583
left_elbow,0.9355417490005493,0.832608163356781,-0.30200764536857605,0.6335965991020203
right_elbow,0.18587878346443176,0.9148374795913696,-0.9147604703903198,0.7098934650421143
left_wrist,1.081502914428711,1.2856049537658691,-0.9321944117546082,0.1628657579421997
right_wrist,1.081502914428711,1.2856049537658691,-0.9321944117546082,0.1628657579421997left_shoulder,0.7747739553451538,0.25240185856819153,-0.70741206407547,0.9952932596206665
right_shoulder,0.24384799599647522,0.26351746916770935,-1.0519740581512451,0.9975809454917908
left_elbow,0.9301326870918274,0.8299258351325989,-0.4601196348667145,0.6387391090393066
right_elbow,0.17800086736679077,0.9148958921432495,-0.8536529541015625,0.7173746824264526
left_wrist,1.0642222166061401,1.2950077056884766,-1.0816203355789185,0.15586517751216888
right_wrist,1.0642222166061401,1.2950077056884766,-1.0816203355789185,0.15586517751216888left_shoulder,0.7854527235031128,0.25643396377563477,-0.9322746396064758,0.9955108165740967
right_shoulder,0.24122300744056702,0.28904956579208374,-1.025273323059082,0.9976977705955505
left_elbow,0.951129138469696,0.8515565395355225,-0.7749063372612,0.6376704573631287
right_elbow,0.16696734726428986,0.925919771194458,-0.7343012094497681,0.7091660499572754
left_wrist,1.0738290548324585,1.3435276746749878,-1.3278220891952515,0.14527542889118195
right_wrist,1.0738290548324585,1.3435276746749878,-1.3278220891952515,0.14527542889118195left_shoulder,0.7886450290679932,0.25290659070014954,-1.1624834537506104,0.9954439997673035
right_shoulder,0.24534554779529572,0.2927285432815552,-1.0592358112335205,0.9977917075157166
left_elbow,0.952072262763977,0.8617579340934753,-1.0417609214782715,0.6317397356033325
right_elbow,0.16727429628372192,0.92403644323349,-0.7585922479629517,0.7017288208007812
left_wrist,1.022275447845459,1.327196478843689,-1.5958764553070068,0.13587342202663422
right_wrist,1.022275447845459,1.327196478843689,-1.5958764553070068,0.13587342202663422left_shoulder,0.789156973361969,0.25173452496528625,-1.0915292501449585,0.9952787160873413
right_shoulder,0.2497616559267044,0.29580992460250854,-0.9424482583999634,0.9978412389755249
left_elbow,0.9522641897201538,0.8590884804725647,-1.1119805574417114,0.6372438073158264
right_elbow,0.1694922000169754,0.9159034490585327,-0.6052019596099854,0.698517382144928
left_wrist,0.9265392422676086,1.2265397310256958,-1.8810937404632568,0.13696931302547455
right_wrist,0.9265392422676086,1.2265397310256958,-1.8810937404632568,0.13696931302547455left_shoulder,0.7896797060966492,0.24711784720420837,-0.9710574150085449,0.9952693581581116
right_shoulder,0.2602652609348297,0.2957795560359955,-0.9372122883796692,0.9979355335235596
left_elbow,0.9550356864929199,0.8536444902420044,-0.8364876508712769,0.6394745111465454
right_elbow,0.17264236509799957,0.9069305658340454,-0.6559076309204102,0.6942879557609558
left_wrist,0.9764558672904968,1.2367324829101562,-1.4565060138702393,0.13216961920261383
right_wrist,0.9764558672904968,1.2367324829101562,-1.4565060138702393,0.13216961920261383left_shoulder,0.7918638586997986,0.24630318582057953,-0.9122142791748047,0.9953147768974304
right_shoulder,0.2737646698951721,0.2958659827709198,-0.9186941385269165,0.9980248808860779
left_elbow,0.9558185338973999,0.8500961661338806,-0.7418004870414734,0.6305630207061768
right_elbow,0.17335355281829834,0.8975998759269714,-0.6315089464187622,0.6839761137962341
left_wrist,0.9928039312362671,1.2846944332122803,-1.0983312129974365,0.12484162300825119
right_wrist,0.9928039312362671,1.2846944332122803,-1.0983312129974365,0.12484162300825119left_shoulder,0.7998250126838684,0.24469083547592163,-0.8693786859512329,0.9952393770217896
right_shoulder,0.28699326515197754,0.3057490289211273,-0.8232666254043579,0.9980012774467468
left_elbow,0.955887496471405,0.8491477370262146,-0.7379733324050903,0.6380916237831116
right_elbow,0.18107135593891144,0.8537731170654297,-0.577524721622467,0.6882843375205994
left_wrist,0.9725569486618042,1.2802757024765015,-1.1279056072235107,0.12578146159648895
right_wrist,0.9725569486618042,1.2802757024765015,-1.1279056072235107,0.12578146159648895left_shoulder,0.8065524101257324,0.24403691291809082,-0.995832085609436,0.9942606687545776
right_shoulder,0.30484023690223694,0.3049553632736206,-0.8645341992378235,0.9973509311676025
left_elbow,0.9564407467842102,0.8475281000137329,-0.8911325335502625,0.6539587378501892
right_elbow,0.19831089675426483,0.8049507737159729,-0.6400948762893677,0.6952602863311768
left_wrist,0.9403234720230103,1.2776966094970703,-1.513454794883728,0.13472352921962738
right_wrist,0.9403234720230103,1.2776966094970703,-1.513454794883728,0.13472352921962738left_shoulder,0.8122177124023438,0.24384339153766632,-1.0849838256835938,0.9933056831359863
right_shoulder,0.31843045353889465,0.30478355288505554,-0.8772872686386108,0.9967843294143677
left_elbow,0.9559375047683716,0.846686065196991,-1.0483452081680298,0.6726464033126831
right_elbow,0.20702055096626282,0.7352256178855896,-0.7713276743888855,0.7075737714767456
left_wrist,0.8814369440078735,1.2285932302474976,-1.7427650690078735,0.14882932603359222
right_wrist,0.8814369440078735,1.2285932302474976,-1.7427650690078735,0.14882932603359222left_shoulder,0.8128169775009155,0.24405167996883392,-1.003025770187378,0.9926915764808655
right_shoulder,0.33385950326919556,0.2921043634414673,-0.8088410496711731,0.9966505169868469
left_elbow,0.9591794013977051,0.8154884576797485,-0.8956101536750793,0.6855375170707703
right_elbow,0.21031057834625244,0.6190406084060669,-0.7627948522567749,0.7187682390213013
left_wrist,0.8632007837295532,1.155591368675232,-1.5188488960266113,0.1635185331106186
right_wrist,0.8632007837295532,1.155591368675232,-1.5188488960266113,0.1635185331106186left_shoulder,0.8176178932189941,0.24212810397148132,-0.6689788103103638,0.9929006099700928
right_shoulder,0.34363600611686707,0.2683141529560089,-0.5927919149398804,0.9967923760414124
left_elbow,0.9547193646430969,0.8139798641204834,-0.5568994879722595,0.7008245587348938
right_elbow,0.20947623252868652,0.5760915279388428,-0.762715220451355,0.7287546396255493
left_wrist,0.8885499835014343,1.1484754085540771,-1.1634693145751953,0.18558305501937866
right_wrist,0.8885499835014343,1.1484754085540771,-1.1634693145751953,0.18558305501937866left_shoulder,0.8241968154907227,0.23793475329875946,-0.40158534049987793,0.9933716654777527
right_shoulder,0.352960467338562,0.24383313953876495,-0.5393052101135254,0.9970449805259705
left_elbow,0.952464759349823,0.8143794536590576,-0.30866414308547974,0.7171372175216675
right_elbow,0.2089744359254837,0.5438395142555237,-1.2060177326202393,0.7501804828643799
left_wrist,0.9020853042602539,1.1545079946517944,-0.8614331483840942,0.23636029660701752
right_wrist,0.9020853042602539,1.1545079946517944,-0.8614331483840942,0.23636029660701752left_shoulder,0.8287680745124817,0.23519179224967957,-0.329881489276886,0.9938704371452332
right_shoulder,0.36673539876937866,0.22403573989868164,-0.5562554597854614,0.9973095059394836
left_elbow,0.9524034261703491,0.8136048913002014,-0.4417337477207184,0.7344354391098022
right_elbow,0.21019582450389862,0.5034521222114563,-1.3710105419158936,0.7722692489624023
left_wrist,0.8899423480033875,1.073468565940857,-1.1283133029937744,0.29490071535110474
right_wrist,0.8899423480033875,1.073468565940857,-1.1283133029937744,0.29490071535110474left_shoulder,0.8370589017868042,0.23364344239234924,-0.2308623343706131,0.994383692741394
right_shoulder,0.36690571904182434,0.21599692106246948,-0.49874386191368103,0.9975605010986328
left_elbow,0.9572621583938599,0.8165465593338013,-0.4782866835594177,0.7520552277565002
right_elbow,0.21029779314994812,0.5225812196731567,-1.3347361087799072,0.7929063439369202
left_wrist,0.8746033906936646,0.9879919290542603,-1.4295034408569336,0.358458936214447
right_wrist,0.8746033906936646,0.9879919290542603,-1.4295034408569336,0.358458936214447left_shoulder,0.8463859558105469,0.23119886219501495,-0.2935732901096344,0.9948171377182007
right_shoulder,0.3673277199268341,0.21150119602680206,-0.4754648208618164,0.9977613687515259
left_elbow,0.9605434536933899,0.8215742111206055,-0.6673817038536072,0.7695212364196777
right_elbow,0.21329788863658905,0.5277038216590881,-1.2897173166275024,0.810775637626648
left_wrist,0.838513195514679,0.8951083421707153,-1.8293005228042603,0.4153323769569397
right_wrist,0.838513195514679,0.8951083421707153,-1.8293005228042603,0.4153323769569397left_shoulder,0.8512638807296753,0.2286859154701233,-0.31322893500328064,0.9950894713401794
right_shoulder,0.3727627992630005,0.20846976339817047,-0.4841996729373932,0.9979013800621033
left_elbow,0.9610392451286316,0.8220234513282776,-0.6858233213424683,0.7834294438362122
right_elbow,0.21473440527915955,0.5203543901443481,-1.2221027612686157,0.8261652588844299
left_wrist,0.837395966053009,0.8934251070022583,-1.8249616622924805,0.45957711338996887
right_wrist,0.837395966053009,0.8934251070022583,-1.8249616622924805,0.45957711338996887left_shoulder,0.8554035425186157,0.22593536972999573,-0.19738030433654785,0.9954195618629456
right_shoulder,0.37253648042678833,0.20562835037708282,-0.4027528166770935,0.998055636882782
left_elbow,0.9610298871994019,0.8220798373222351,-0.62824946641922,0.7956046462059021
right_elbow,0.2144223153591156,0.5213266015052795,-1.1801403760910034,0.8399791121482849
left_wrist,0.8436692953109741,0.8872035145759583,-1.7630150318145752,0.49928390979766846
right_wrist,0.8436692953109741,0.8872035145759583,-1.7630150318145752,0.49928390979766846left_shoulder,0.8620193600654602,0.22578386962413788,-0.19263479113578796,0.9957131743431091
right_shoulder,0.372484028339386,0.20669756829738617,-0.3984708786010742,0.9981995820999146
left_elbow,0.9625169634819031,0.8226823210716248,-0.45112165808677673,0.8032543063163757
right_elbow,0.21439965069293976,0.519561231136322,-1.0947344303131104,0.8516436219215393
left_wrist,0.848885715007782,0.9231070280075073,-1.587132215499878,0.5280466675758362
right_wrist,0.848885715007782,0.9231070280075073,-1.587132215499878,0.5280466675758362left_shoulder,0.8631299138069153,0.22557862102985382,-0.27956753969192505,0.995638906955719
right_shoulder,0.37247583270072937,0.20842662453651428,-0.4468875527381897,0.9982366561889648
left_elbow,0.9646833539009094,0.765586256980896,-0.3694661855697632,0.80633544921875
right_elbow,0.21825680136680603,0.5198972225189209,-0.8356158137321472,0.8612120151519775
left_wrist,0.8633440136909485,0.954669177532196,-1.3451268672943115,0.5338717103004456
right_wrist,0.8633440136909485,0.954669177532196,-1.3451268672943115,0.5338717103004456left_shoulder,0.8666766881942749,0.22926442325115204,-0.6072393655776978,0.9957869648933411
right_shoulder,0.37139615416526794,0.2257375568151474,-0.6495290398597717,0.9982436299324036
left_elbow,0.9655511975288391,0.8048983812332153,-0.7835997939109802,0.8142695426940918
right_elbow,0.22603201866149902,0.6003652811050415,-1.0347373485565186,0.8672235012054443
left_wrist,0.8664243817329407,0.9724302887916565,-1.8042488098144531,0.5446428656578064
right_wrist,0.8664243817329407,0.9724302887916565,-1.8042488098144531,0.5446428656578064left_shoulder,0.8722828030586243,0.23625047504901886,-0.5992163419723511,0.9958794116973877
right_shoulder,0.36884430050849915,0.23946258425712585,-0.6816712617874146,0.9983006715774536
left_elbow,0.9713987112045288,0.810611367225647,-0.7475562691688538,0.8217042684555054
right_elbow,0.22629714012145996,0.6095979809761047,-1.0159310102462769,0.8751690983772278
left_wrist,0.8578416705131531,0.9746286869049072,-1.7500349283218384,0.5513493418693542
right_wrist,0.8578416705131531,0.9746286869049072,-1.7500349283218384,0.5513493418693542left_shoulder,0.8800691366195679,0.24924249947071075,-0.7864720225334167,0.9954947233200073
right_shoulder,0.34780025482177734,0.28573158383369446,-0.8131165504455566,0.9982515573501587
left_elbow,0.9785844683647156,0.8511174917221069,-0.9196720123291016,0.8220618367195129
right_elbow,0.23022523522377014,0.7723058462142944,-0.9673779606819153,0.8706541061401367
left_wrist,0.8582074046134949,1.109346628189087,-1.9033187627792358,0.5295613408088684
right_wrist,0.8582074046134949,1.109346628189087,-1.9033187627792358,0.5295613408088684left_shoulder,0.8857196569442749,0.26792868971824646,-0.8683965802192688,0.9943448901176453
right_shoulder,0.3168911039829254,0.3438536524772644,-0.9483250379562378,0.9979780316352844
left_elbow,0.9870600700378418,0.8956798315048218,-1.4357882738113403,0.8196544051170349
right_elbow,0.23898306488990784,0.9286817908287048,-1.3855335712432861,0.8656986951828003
left_wrist,0.8532055616378784,1.021959662437439,-2.6551694869995117,0.5249903202056885
right_wrist,0.8532055616378784,1.021959662437439,-2.6551694869995117,0.5249903202056885left_shoulder,0.8926054239273071,0.2950802743434906,-0.8309030532836914,0.9940127730369568
right_shoulder,0.30571138858795166,0.35392096638679504,-0.822887122631073,0.997782289981842
left_elbow,0.9891875386238098,0.9168103933334351,-1.0488563776016235,0.7722610235214233
right_elbow,0.2536206543445587,0.9589271545410156,-0.7686541676521301,0.833891749382019
left_wrist,0.9346653819084167,1.3455888032913208,-1.8437970876693726,0.47670164704322815
right_wrist,0.9346653819084167,1.3455888032913208,-1.8437970876693726,0.47670164704322815left_shoulder,0.8905779123306274,0.30388835072517395,-0.8880637884140015,0.9927562475204468
right_shoulder,0.2990608513355255,0.34555959701538086,-0.8409978151321411,0.9974115490913391
left_elbow,0.9886314272880554,0.9127247929573059,-1.3213410377502441,0.7667737007141113
right_elbow,0.2528911530971527,0.9625934362411499,-0.8785564303398132,0.8178468942642212
left_wrist,0.9263924360275269,1.1478618383407593,-2.4771673679351807,0.4655396342277527
right_wrist,0.9263924360275269,1.1478618383407593,-2.4771673679351807,0.4655396342277527left_shoulder,0.887265682220459,0.3129204213619232,-0.8642767667770386,0.99195796251297
right_shoulder,0.2980748116970062,0.33882251381874084,-0.8389393091201782,0.9973563551902771
left_elbow,0.9905661344528198,0.9050770998001099,-0.9221214056015015,0.7469963431358337
right_elbow,0.23694953322410583,0.9428666830062866,-0.6438878774642944,0.8039652109146118
left_wrist,0.9829076528549194,1.306976079940796,-1.580976963043213,0.42579495906829834
right_wrist,0.9829076528549194,1.306976079940796,-1.580976963043213,0.42579495906829834left_shoulder,0.8843252062797546,0.31973257660865784,-0.8636826276779175,0.9907752275466919
right_shoulder,0.2974467873573303,0.33601871132850647,-0.8699194192886353,0.9971765279769897
left_elbow,0.9946359395980835,0.9006298780441284,-0.8211725950241089,0.7291537523269653
right_elbow,0.21579265594482422,0.9420911073684692,-0.673038899898529,0.7936400771141052
left_wrist,1.0012353658676147,1.340266466140747,-1.492418646812439,0.3896172344684601
right_wrist,1.0012353658676147,1.340266466140747,-1.492418646812439,0.3896172344684601left_shoulder,0.8827905654907227,0.32315605878829956,-0.8216959238052368,0.989234447479248
right_shoulder,0.2958066463470459,0.3322971761226654,-0.8359880447387695,0.9966733455657959
left_elbow,1.0008991956710815,0.8978180289268494,-0.8848072290420532,0.7132365107536316
right_elbow,0.2036377191543579,0.9506397247314453,-0.6387048959732056,0.7830250859260559
left_wrist,0.9866995811462402,1.2911022901535034,-1.7618821859359741,0.36291220784187317
right_wrist,0.9866995811462402,1.2911022901535034,-1.7618821859359741,0.36291220784187317left_shoulder,0.8803791999816895,0.33524295687675476,-0.8348120450973511,0.9886913895606995
right_shoulder,0.2925031781196594,0.32998666167259216,-0.8444197773933411,0.9966985583305359
left_elbow,1.0001999139785767,0.8953437209129333,-0.7815950512886047,0.6946056485176086
right_elbow,0.19891676306724548,0.9535180926322937,-0.6202006936073303,0.7762413620948792
left_wrist,0.987896740436554,1.3987274169921875,-1.3908182382583618,0.3328089416027069
right_wrist,0.987896740436554,1.3987274169921875,-1.3908182382583618,0.3328089416027069left_shoulder,0.8797586560249329,0.33926665782928467,-0.813525378704071,0.9887440204620361
right_shoulder,0.2829360067844391,0.3306402862071991,-0.8321880102157593,0.9967067837715149
left_elbow,1.0057950019836426,0.9098958969116211,-0.7463386654853821,0.6722577810287476
right_elbow,0.19659742712974548,0.9847267270088196,-0.5987726449966431,0.7601459622383118
left_wrist,0.9956358671188354,1.4010679721832275,-1.4546858072280884,0.3053601086139679
right_wrist,0.9956358671188354,1.4010679721832275,-1.4546858072280884,0.3053601086139679left_shoulder,0.8753095865249634,0.3424142599105835,-0.7687453031539917,0.9890658855438232
right_shoulder,0.28002968430519104,0.33035391569137573,-0.8527623414993286,0.9967663884162903
left_elbow,1.0040847063064575,0.9125748872756958,-0.663502037525177,0.6530341506004333
right_elbow,0.19635778665542603,0.9873113036155701,-0.6432723999023438,0.7516301274299622
left_wrist,1.0035415887832642,1.3997997045516968,-1.417455792427063,0.2807464301586151
right_wrist,1.0035415887832642,1.3997997045516968,-1.417455792427063,0.2807464301586151left_shoulder,0.866814136505127,0.343149870634079,-0.7255392074584961,0.9893282651901245
right_shoulder,0.277034193277359,0.33165013790130615,-0.8593020439147949,0.9967278242111206
left_elbow,0.999616265296936,0.9183180332183838,-0.5962287187576294,0.6334704160690308
right_elbow,0.1966198980808258,0.9868550896644592,-0.6486896276473999,0.7404775619506836
left_wrist,0.9967243075370789,1.4226891994476318,-1.3054876327514648,0.259358286857605
right_wrist,0.9967243075370789,1.4226891994476318,-1.3054876327514648,0.259358286857605left_shoulder,0.8608161807060242,0.3456347584724426,-0.7278640270233154,0.9889512062072754
right_shoulder,0.27631548047065735,0.3311042785644531,-0.8574725389480591,0.9966739416122437
left_elbow,0.9932602047920227,0.9228824377059937,-0.6245079636573792,0.6160452365875244
right_elbow,0.19449974596500397,0.9770671725273132,-0.6443910598754883,0.7313744425773621
left_wrist,0.9937911033630371,1.417111873626709,-1.337764024734497,0.2416037768125534
right_wrist,0.9937911033630371,1.417111873626709,-1.337764024734497,0.2416037768125534